[app/ui]
version = 9.3.2
modtime = 1740303961.740092000

[app/launcher]
version = 9.3.2
modtime = 1740303961.741689000
